(19 10 28 f )
(16 4 -22 f )
(8 6 -19 f )
(27 22 49 f )
(18 12 -28 f )
(29 15 -28 c )
(30 10 11 c )
(14 8 -30 f )
(27 24 -16 c )
(9 1 -21 c )
(25 11 13 f )
(23 16 26 f )
(5 10 15 c )
(30 8 35 f )
(8 14 13 c )
(25 15 -23 f )
(23 3 40 f )
(12 3 20 f )
(22 20 -28 c )
(3 18 -28 f )
(10 12 32 c )
(21 18 22 f )
(9 10 -8 f )
(6 7 35 c )
(17 24 15 c )
(13 13 -9 f )
(9 15 47 f )
(7 15 32 f )
(20 11 28 f )
(3 21 27 f )
(30 6 33 f )
(23 3 47 c )
(30 22 18 f )
(27 5 29 c )
(3 9 -19 c )
(4 10 28 c )
(26 3 -30 c )
(3 9 -15 f )
(17 17 24 c )
(12 14 -2 c )
(29 9 38 f )
(31 15 28 f )
(31 16 46 c )
(20 24 28 f )
(1 15 30 f )
(10 15 -5 f )
(17 11 -25 f )
(26 20 39 f )
(19 22 25 f )
(26 22 49 f )
